% 1-1
x = [1 3 0 -1 5];
%%%%%

% 1-2
x = [];
%%%%%

% 2-1
a21 = 2 / 2 * 3;
b21 = 2 / 3^2;
c21 = (2 / 3)^2;
d21 = 2 + 3 * 4 - 4;
e21 = 2^2 * 3 / 4 + 3;
f21 = 2^(2 * 3) / (4 + 3);
g21 = 2 * 3 + 4;
h21 = 2^3^2;
i21 = -4^2;
%%%%%

% 2-2
a22 = 2^0.5;
b22 = (3 + 4) / (5 + 6);
c22 = (5 + 3) / (5 * 3);
d22 = 2^(3^2);
e22 = (2 * pi)^2;
f22 = 2 * pi^2;
g22 = 1 / (2 * pi)^0.5;
h22 = 1 / (2 * pi^0.5);
i22 = (2.3 * 4.5)^(1 / 3);
j22 = (1 - 2 / (3 + 2)) / (1 + 2 / (3 - 2));
k22 = 1000 * (1 + 0.15 / 12)^60;
%%%%%

% 4-1
a41 = 9.87; % 9,87;
b41 = 0; % .0;
e41 = 3.57 * 1e-2; % 3.57*e2;
f41 = 3.57e-2; % 3.57e2.1;
h41 = 3.57e-2; % 3,57e-2;
%%%%%

% 4-2
% b42  a.2
% c42  2a
% d42  'a'one
% f42  _x_1
% h42  pay day
% k42  min*2
%%%%%
